# Created by Octave 3.8.2, Wed Nov 18 10:39:41 2015 EST <alpb0130@Linpengs-MBP.wv.cc.cmu.edu>
# name: A
# type: matrix
# rows: 100
# columns: 1
 1
 1
 1
 1
 1
 1
 1
 1
 1
 1
 1
 1
 1
 1
 1
 1
 1
 1
 1
 1
 1
 1
 1
 1
 1
 1
 1
 1
 1
 1
 1
 1
 1
 1
 1
 1
 1
 1
 1
 1
 1
 1
 1
 1
 1
 1
 1
 1
 1
 1
 1
 1
 1
 1
 1
 1
 1
 1
 1
 1
 1
 1
 1
 1
 1
 1
 1
 1
 1
 1
 1
 1
 1
 1
 1
 1
 1
 1
 1
 1
 1
 1
 1
 1
 1
 1
 1
 1
 1
 1
 1
 1
 1
 1
 1
 1
 1
 1
 1
 1


# name: C
# type: matrix
# rows: 100
# columns: 1
 1
 1
 1
 1
 1
 1
 1
 1
 1
 1
 1
 1
 1
 1
 1
 1
 1
 1
 1
 1
 1
 1
 1
 1
 1
 1
 1
 1
 1
 1
 1
 1
 1
 1
 1
 1
 1
 1
 1
 1
 1
 1
 1
 1
 1
 1
 1
 1
 1
 1
 1
 1
 1
 1
 1
 1
 1
 1
 1
 1
 1
 1
 1
 1
 1
 1
 1
 1
 1
 1
 1
 1
 1
 1
 1
 1
 1
 1
 1
 1
 1
 1
 1
 1
 1
 1
 1
 1
 1
 1
 1
 1
 1
 1
 1
 1
 1
 1
 1
 1


# name: K
# type: matrix
# rows: 100
# columns: 100
 39.26 36.48999999999999 36.17 35.31 39.1 42.19 36.36 38.4 33.59 36.84 41.49 37.38 35.98 33.42999999999999 44.58 45.47 42.19 39.26 43.37 40.31 40.44 39.96 37.06 38.56 37.38 37 38.4 39.77 39.42 36.17 36.33 40.44 41.87 43.75 36.84 37.7 41.3 36.84 33.94 38.91 38.75 32 34.64 38.75 40.31 35.98 40.31 35.66 40.98 38.05 -47.9 -44.84 -47.04 -37.09999999999999 -43.95 -39.87 -44.67999999999999 -34.39 -44.81 -36.97 -33.5 -41.59 -39.3 -42.26 -39.70999999999999 -46.02 -40.06 -40.03 -40.32 -38.31 -42.29 -41.91 -41.88 -41.91 -43.79 -45.16 -45.48 -45.67 -41.75 -39.17 -37.45 -37.45 -40.03 -41.05 -39.04 -43.5 -46.02 -41.17999999999999 -40.06 -37.8 -38.15 -42.61 -39.68 -34.55 -39.01 -40.57 -40.22 -42.77 -35.76 -39.87
 36.48999999999999 34.01000000000001 33.63 32.84 36.3 39.16 33.73999999999999 35.7 31.26 34.31 38.56 34.72 33.52 31.07 41.42 42.13 39.16 36.48999999999999 40.33 37.39 37.66 37.09 34.34 35.89 34.72 34.5 35.7 36.98 36.68000000000001 33.63 33.82 37.66 38.78 40.55 34.31 35.1 38.45 34.31 31.56 36.19 36 29.95 32.16 36 37.39 33.52 37.39 33.14 38.07000000000001 35.4 -44.90000000000001 -41.96000000000001 -44.11 -34.85 -41.25 -37.33 -41.77 -32.21000000000001 -42.04000000000001 -34.58000000000001 -31.5 -38.91 -37 -39.59 -37.14 -43.13000000000001 -37.44 -37.52 -37.98 -35.94 -39.51000000000001 -39.29 -39.37 -39.29 -41.06 -42.34 -42.72 -42.83000000000001 -39.1 -36.73 -35.15000000000001 -35.15000000000001 -37.52 -38.5 -36.46000000000001 -40.6 -43.13000000000001 -38.77 -37.44 -35.45 -35.75 -39.89 -37.22 -32.4 -36.54000000000001 -37.93000000000001 -37.63 -40.08 -33.48999999999999 -37.33
 36.17 33.63 33.33000000000001 32.54 36.02 38.86 33.5 35.38 30.96 33.95 38.22000000000001 34.44 33.16 30.81 41.06 41.87 38.86 36.17 39.95 37.13 37.26000000000001 36.81 34.14 35.53 34.44 34.1 35.38 36.64 36.32 33.33000000000001 33.48 37.26000000000001 38.56 40.29000000000001 33.95 34.74 38.05 33.95 31.28 35.85 35.7 29.51 31.92000000000001 35.7 37.13 33.16 37.13 32.86 37.75 35.06 -44.14 -41.32000000000001 -43.35 -34.21 -40.51 -36.75 -41.17 -31.71 -41.3 -34.08 -30.9 -38.33000000000001 -36.24 -38.95 -36.6 -42.41 -36.92 -36.90000000000001 -37.18 -35.32 -38.97000000000001 -38.63 -38.61 -38.63 -40.36 -41.62 -41.92 -42.09 -38.48 -36.11 -34.53 -34.53 -36.90000000000001 -37.84 -35.98 -40.08000000000001 -42.41 -37.97 -36.92 -34.85 -35.17 -39.27 -36.58 -31.86 -35.96 -37.39 -37.07 -39.42 -32.97 -36.75
 35.31 32.84 32.54 31.77 35.16 37.93 32.7 34.54 30.23 33.15 37.31 33.62 32.38 30.08 40.08 40.86 37.93 35.31 39 36.23999999999999 36.38 35.93 33.31999999999999 34.69 33.62 33.3 34.54 35.77 35.45999999999999 32.54 32.69 36.38 37.63 39.32 33.15 33.92 37.15 33.15 30.54 35 34.85 28.83 31.16 34.85 36.23999999999999 32.38 36.23999999999999 32.08 36.85 34.23 -43.12 -40.36 -42.35 -33.43 -39.58 -35.9 -40.20999999999999 -30.98 -40.34999999999999 -33.29 -30.2 -37.44 -35.42 -38.05 -35.75 -41.43 -36.06 -36.05 -36.34 -34.51 -38.06 -37.73999999999999 -37.73 -37.73999999999999 -39.43 -40.66 -40.95999999999999 -41.12 -37.59 -35.28 -33.73999999999999 -33.73999999999999 -36.05 -36.97 -35.14 -39.14 -41.43 -37.11 -36.06 -34.05 -34.36 -38.36 -35.73999999999999 -31.13 -35.13 -36.52 -36.21 -38.51 -32.20999999999999 -35.9
 39.1 36.3 36.02 35.16 38.96 42.04 36.24 38.24 33.44 36.66 41.32 37.24 35.8 33.3 44.4 45.34 42.04 39.1 43.18 40.18 40.24 39.82 36.96 38.38 37.24 36.8 38.24 39.6 39.24 36.02 36.16 40.24 41.76 43.62 36.66 37.52 41.1 36.66 33.8 38.74 38.6 31.78 34.52 38.6 40.18 35.8 40.18 35.52 40.82 37.88 -47.52 -44.52 -46.66 -36.78 -43.58 -39.58 -44.38 -34.14 -44.44 -36.72 -33.2 -41.3 -38.92 -41.94 -39.44 -45.66 -39.8 -39.72 -39.92 -38 -42.02 -41.58 -41.5 -41.58 -43.44 -44.8 -45.08 -45.3 -41.44 -38.86 -37.14 -37.14 -39.72 -40.72 -38.8 -43.24 -45.66 -40.78 -39.8 -37.5 -37.86 -42.3 -39.36 -34.28 -38.72 -40.3 -39.94 -42.44 -35.5 -39.58
 42.19 39.16 38.86 37.93 42.04 45.37 39.1 41.26 36.07000000000001 39.55 44.59 40.18 38.62 35.92 47.92 48.94 45.37 42.19 46.6 43.36 43.42 42.97 39.88 41.41 40.18 39.7 41.26 42.73 42.34 38.86 39.01000000000001 43.42 45.07 47.08 39.55 40.48 44.35 39.55 36.46000000000001 41.8 41.65 34.27 37.24000000000001 41.65 43.36 38.62 43.36 38.32 44.05 40.87 -51.28 -48.04000000000001 -50.35000000000001 -39.67 -47.02 -42.7 -47.89 -36.82000000000001 -47.95 -39.61 -35.8 -44.56 -41.98 -45.25 -42.55 -49.27000000000001 -42.94 -42.85 -43.06 -40.98999999999999 -45.34 -44.86 -44.77 -44.86 -46.87 -48.34 -48.64 -48.88000000000001 -44.71000000000001 -41.92 -40.06 -40.06 -42.85 -43.93000000000001 -41.86 -46.66 -49.27000000000001 -43.99 -42.94 -40.45 -40.84 -45.64 -42.46 -36.97 -41.77 -43.48 -43.09 -45.79000000000001 -38.29 -42.7
 36.36 33.73999999999999 33.5 32.7 36.24 39.1 33.72 35.56 31.1 34.08 38.42 34.64 33.28 30.98 41.27999999999999 42.18 39.1 36.36 40.14 37.38 37.4 37.04 34.4 35.67999999999999 34.64 34.2 35.56 36.82 36.48 33.5 33.62 37.4 38.86 40.58 34.08 34.88 38.2 34.08 31.44 36.02 35.9 29.52 32.12 35.9 37.38 33.28 37.38 33.04 37.96 35.22 -44.08 -41.32 -43.28 -34.12 -40.42 -36.73999999999999 -41.2 -31.7 -41.22 -34.09999999999999 -30.8 -38.34 -36.08 -38.91999999999999 -36.62 -42.36 -36.95999999999999 -36.86 -37 -35.26 -39.02 -38.58 -38.48 -38.58 -40.3 -41.56 -41.8 -42.02 -38.45999999999999 -36.06 -34.45999999999999 -34.45999999999999 -36.86 -37.78 -36.04 -40.16 -42.36 -37.8 -36.95999999999999 -34.8 -35.14 -39.25999999999999 -36.52 -31.82 -35.94 -37.42 -37.08 -39.38 -32.95999999999999 -36.73999999999999
 38.4 35.7 35.38 34.54 38.24 41.26 35.56 37.56 32.86 36.04 40.58 36.56 35.2 32.7 43.6 44.46 41.26 38.4 42.42 39.42 39.56 39.08 36.24 37.72 36.56 36.2 37.56 38.9 38.56 35.38 35.54 39.56 40.94 42.78 36.04 36.88 40.4 36.04 33.2 38.06 37.9 31.32 33.88 37.9 39.42 35.2 39.42 34.88 40.08 37.22 -46.88 -43.88 -46.04 -36.32 -43.02 -39.02 -43.72 -33.66 -43.86 -36.18 -32.8 -40.7 -38.48 -41.36 -38.86 -45.04 -39.2 -39.18 -39.48 -37.5 -41.38 -41.02 -41 -41.02 -42.86 -44.2 -44.52 -44.7 -40.86 -38.34 -36.66 -36.66 -39.18 -40.18 -38.2 -42.56 -45.04 -40.32 -39.2 -37 -37.34 -41.7 -38.84 -33.82 -38.18 -39.7 -39.36 -41.86 -35 -39.02
 33.59 31.26 30.96 30.23 33.44 36.07000000000001 31.1 32.86 28.77 31.55 35.49000000000001 31.98 30.82 28.62 38.12 38.84 36.07000000000001 33.59 37.1 34.46 34.62 34.17 31.68 33.01 31.98 31.7 32.86 34.03 33.74 30.96 31.11 34.62 35.77 37.38 31.55 32.28 35.35 31.55 29.06 33.3 33.15 27.47 29.64 33.15 34.46 30.82 34.46 30.52 35.05 32.57 -41.08000000000001 -38.44 -40.35 -31.87 -37.72 -34.2 -38.29 -29.52 -38.45 -31.71 -28.8 -35.66 -33.78 -36.25 -34.05 -39.47000000000001 -34.34 -34.35 -34.66 -32.89 -36.24 -35.96 -35.97 -35.96 -37.57000000000001 -38.73999999999999 -39.04 -39.18000000000001 -35.81 -33.62 -32.16 -32.16 -34.35 -35.23 -33.46000000000001 -37.26000000000001 -39.47000000000001 -35.39 -34.34 -32.45 -32.74 -36.54 -34.06 -29.67 -33.47 -34.78 -34.49 -36.69 -30.69 -34.2
